Core	CPU	Avg_MHz	Busy%	Bzy_MHz	TSC_MHz	IPC	IRQ	SMI	POLL	C1	C1E	C6	POLL%	C1%	C1E%	C6%	CPU%c1	CPU%c6	CoreTmp	CoreThr	PkgTmp	PkgWatt	RAMWatt	PKG_%	RAM_%
-	-	6	0.25	2500	1497	1.83	25173	0	29	31238	0	0	0.00	99.78	0.00	0.00	99.75	0.00	30	0	31	110.74	9.39	0.00	0.00
0	0	3	0.13	2500	1496	1.12	154	0	1	225	0	0	0.00	99.88	0.00	0.00	99.87	0.00	28	0	31	110.73	9.39	0.00	0.00
0	32	8	0.31	2500	1496	1.45	237	0	0	282	0	0	0.00	99.71	0.00	0.00	99.69
1	1	12	0.47	2500	1496	1.79	145	0	0	319	0	0	0.00	99.54	0.00	0.00	99.53	0.00	28	0
1	33	42	1.70	2500	1496	1.77	376	0	3	312	0	0	0.00	98.34	0.00	0.00	98.30
2	2	15	0.58	2500	1496	1.92	846	0	0	1510	0	0	0.00	99.48	0.00	0.00	99.42	0.00	30	0
2	34	3	0.11	2500	1496	1.85	160	0	3	186	0	0	0.00	99.90	0.00	0.00	99.89
3	3	21	0.82	2500	1496	2.01	284	0	0	456	0	0	0.00	99.20	0.00	0.00	99.18	0.00	29	0
3	35	1	0.05	2500	1496	1.61	55	0	0	55	0	0	0.00	99.96	0.00	0.00	99.95
4	4	7	0.26	2500	1496	1.61	174	0	0	509	0	0	0.00	99.76	0.00	0.00	99.74	0.00	27	0
4	36	1	0.03	2500	1496	1.11	90	0	0	77	0	0	0.00	99.98	0.00	0.00	99.97
5	5	16	0.66	2500	1496	1.80	1142	0	2	1591	0	0	0.00	99.41	0.00	0.00	99.34	0.00	27	0
5	37	1	0.03	2500	1496	1.00	93	0	0	83	0	0	0.00	99.98	0.00	0.00	99.97
6	6	0	0.01	2500	1496	1.09	24	0	0	29	0	0	0.00	100.00	0.00	0.00	99.99	0.00	30	0
6	38	1	0.05	2500	1496	1.40	74	0	0	88	0	0	0.00	99.95	0.00	0.00	99.95
7	7	1	0.06	2500	1496	1.26	74	0	0	148	0	0	0.00	99.95	0.00	0.00	99.94	0.00	26	0
7	39	1	0.05	2500	1496	1.26	46	0	0	89	0	0	0.00	99.95	0.00	0.00	99.95
8	8	0	0.02	2500	1496	1.14	25	0	0	50	0	0	0.00	99.99	0.00	0.00	99.98	0.00	29	0
8	40	1	0.05	2500	1496	1.18	67	0	10	69	0	0	0.01	99.95	0.00	0.00	99.95
9	9	3	0.12	2500	1496	1.28	272	0	0	471	0	0	0.00	99.90	0.00	0.00	99.88	0.00	28	0
9	41	0	0.02	2500	1496	1.12	34	0	0	25	0	0	0.00	99.99	0.00	0.00	99.98
10	10	4	0.18	2500	1496	1.74	382	0	0	714	0	0	0.00	99.85	0.00	0.00	99.82	0.00	27	0
10	42	1	0.02	2500	1496	1.00	47	0	0	40	0	0	0.00	99.98	0.00	0.00	99.98
11	11	6	0.24	2500	1496	2.13	105	0	0	132	0	0	0.00	99.76	0.00	0.00	99.76	0.00	27	0
11	43	1	0.02	2500	1496	1.38	43	0	0	37	0	0	0.00	99.98	0.00	0.00	99.98
12	12	0	0.00	2500	1496	0.81	5	0	0	6	0	0	0.00	100.00	0.00	0.00	100.00	0.00	25	0
12	44	0	0.01	2500	1496	0.71	17	0	0	14	0	0	0.00	99.99	0.00	0.00	99.99
13	13	1	0.05	2500	1496	1.11	48	0	0	129	0	0	0.00	99.96	0.00	0.00	99.95	0.00	27	0
13	45	2	0.06	2500	1496	1.16	203	0	0	231	0	0	0.00	99.96	0.00	0.00	99.94
14	14	5	0.20	2500	1496	1.46	1501	0	0	1504	0	0	0.00	99.89	0.00	0.00	99.80	0.00	26	0
14	46	0	0.01	2500	1496	0.73	12	0	0	13	0	0	0.00	99.99	0.00	0.00	99.99
15	15	5	0.19	2500	1496	1.41	1491	0	0	1528	0	0	0.00	99.89	0.00	0.00	99.81	0.00	26	0
15	47	2	0.06	2500	1496	1.32	59	0	0	79	0	0	0.00	99.95	0.00	0.00	99.94
16	16	68	2.72	2500	1496	1.92	6693	0	0	6836	0	0	0.00	97.65	0.00	0.00	97.28	0.00	29	0
16	48	0	0.01	2500	1496	0.55	14	0	0	15	0	0	0.00	99.99	0.00	0.00	99.99
17	17	28	1.13	2500	1496	2.06	1358	0	1	2283	0	0	0.00	98.97	0.00	0.00	98.87	0.00	30	0
17	49	0	0.01	2500	1496	0.68	26	0	0	28	0	0	0.00	99.99	0.00	0.00	99.99
18	18	2	0.08	2500	1496	1.12	210	0	0	273	0	0	0.00	99.93	0.00	0.00	99.92	0.00	29	0
18	50	3	0.12	2500	1496	1.88	27	0	0	102	0	0	0.00	99.88	0.00	0.00	99.88
19	19	3	0.13	2500	1496	1.37	584	0	0	740	0	0	0.00	99.91	0.00	0.00	99.87	0.00	30	0
19	51	0	0.02	2500	1496	0.70	49	0	6	97	0	0	0.00	99.99	0.00	0.00	99.98
20	20	0	0.00	2500	1496	1.00	5	0	0	5	0	0	0.00	100.00	0.00	0.00	100.00	0.00	28	0
20	52	0	0.00	2501	1496	1.14	5	0	0	6	0	0	0.00	100.00	0.00	0.00	100.00
21	21	1	0.04	2500	1496	1.99	10	0	0	11	0	0	0.00	99.96	0.00	0.00	99.96	0.00	29	0
21	53	0	0.01	2500	1496	0.88	39	0	0	40	0	0	0.00	100.00	0.00	0.00	99.99
22	22	1	0.02	2500	1496	1.47	48	0	0	67	0	0	0.00	99.98	0.00	0.00	99.98	0.00	30	0
22	54	0	0.00	2500	1496	0.99	12	0	0	12	0	0	0.00	100.00	0.00	0.00	100.00
23	23	1	0.03	2500	1496	1.08	131	0	0	132	0	0	0.00	99.98	0.00	0.00	99.97	0.00	26	0
23	55	0	0.01	2500	1496	1.06	23	0	0	24	0	0	0.00	100.00	0.00	0.00	99.99
24	24	2	0.10	2500	1496	1.70	287	0	0	351	0	0	0.00	99.92	0.00	0.00	99.90	0.00	28	0
24	56	1	0.03	2500	1496	1.12	48	0	0	74	0	0	0.00	99.97	0.00	0.00	99.97
25	25	10	0.42	2500	1496	1.59	124	0	0	649	0	0	0.00	99.60	0.00	0.00	99.58	0.00	26	0
25	57	0	0.00	2500	1496	0.89	10	0	0	10	0	0	0.00	100.00	0.00	0.00	100.00
26	26	0	0.00	2500	1496	0.84	12	0	0	12	0	0	0.00	100.00	0.00	0.00	100.00	0.00	30	0
26	58	1	0.03	2500	1496	0.92	36	0	1	147	0	0	0.01	99.98	0.00	0.00	99.97
27	27	0	0.00	2500	1496	0.97	8	0	0	10	0	0	0.00	100.00	0.00	0.00	100.00	0.00	27	0
27	59	0	0.00	2500	1496	0.99	13	0	0	16	0	0	0.00	100.00	0.00	0.00	100.00
28	28	82	3.29	2500	1496	2.01	6077	0	2	6646	0	0	0.00	97.06	0.00	0.00	96.71	0.00	26	0
28	60	12	0.48	2500	1496	1.75	32	0	0	35	0	0	0.00	99.52	0.00	0.00	99.52
29	29	0	0.00	2500	1496	0.96	9	0	0	10	0	0	0.00	100.00	0.00	0.00	100.00	0.00	27	0
29	61	1	0.05	2500	1496	1.79	35	0	0	36	0	0	0.00	99.96	0.00	0.00	99.95
30	30	2	0.09	2500	1496	1.49	321	0	0	325	0	0	0.00	99.93	0.00	0.00	99.91	0.00	29	0
30	62	0	0.02	2500	1496	0.89	40	0	0	65	0	0	0.00	99.99	0.00	0.00	99.98
31	31	9	0.35	2500	1496	1.86	573	0	0	1131	0	0	0.00	99.70	0.00	0.00	99.65	0.00	29	0
31	63	2	0.06	2500	1496	2.91	29	0	0	49	0	0	0.00	99.94	0.00	0.00	99.94
