Core	CPU	Avg_MHz	Busy%	Bzy_MHz	TSC_MHz	IPC	IRQ	SMI	POLL	C1	C1E	C6	POLL%	C1%	C1E%	C6%	CPU%c1	CPU%c6	CoreTmp	PkgTmp	PkgWatt	RAMWatt	PKG_%	RAM_%
-	-	9	0.37	2500	1497	0.99	55300	0	1211	87532	0	0	0.01	99.68	0.00	0.00	99.63	0.00	26	26	88.63	7.80	0.00	0.00
0	0	79	3.18	2500	1496	1.03	6689	0	12	11984	0	0	0.00	97.19	0.00	0.00	96.82	0.00	23	26	88.56	7.79	0.00	0.00
0	32	78	3.15	2500	1496	1.11	5603	0	179	10245	0	0	0.14	97.17	0.00	0.00	96.85
1	1	0	0.00	2500	1496	1.09	130	0	0	3	0	0	0.00	100.00	0.00	0.00	100.00	0.00	23
1	33	0	0.00	2500	1496	1.31	133	0	0	3	0	0	0.00	100.00	0.00	0.00	100.00
2	2	0	0.00	2499	1496	1.13	130	0	0	3	0	0	0.00	100.00	0.00	0.00	100.00	0.00	25
2	34	0	0.00	2500	1496	1.35	131	0	0	3	0	0	0.00	100.00	0.00	0.00	100.00
3	3	0	0.00	2501	1496	1.14	132	0	0	3	0	0	0.00	100.00	0.00	0.00	100.00	0.00	25
3	35	0	0.00	2490	1496	1.34	132	0	0	3	0	0	0.00	100.00	0.00	0.00	100.00
4	4	0	0.00	2501	1496	1.13	130	0	0	3	0	0	0.00	100.00	0.00	0.00	100.00	0.00	22
4	36	0	0.00	2500	1496	1.34	131	0	0	3	0	0	0.00	100.00	0.00	0.00	100.00
5	5	0	0.00	2501	1496	1.13	132	0	0	3	0	0	0.00	100.00	0.00	0.00	100.00	0.00	22
5	37	0	0.00	2500	1496	1.36	131	0	0	2	0	0	0.00	100.00	0.00	0.00	100.00
6	6	0	0.00	2500	1496	1.12	130	0	0	3	0	0	0.00	100.00	0.00	0.00	100.00	0.00	25
6	38	0	0.00	2500	1496	1.29	131	0	0	2	0	0	0.00	100.00	0.00	0.00	100.00
7	7	0	0.00	2500	1496	1.16	132	0	0	3	0	0	0.00	100.00	0.00	0.00	100.00	0.00	21
7	39	0	0.00	2500	1496	1.34	131	0	0	2	0	0	0.00	100.00	0.00	0.00	100.00
8	8	0	0.00	2500	1496	1.15	131	0	0	3	0	0	0.00	100.00	0.00	0.00	100.00	0.00	24
8	40	0	0.00	2501	1496	1.38	131	0	0	2	0	0	0.00	100.00	0.00	0.00	100.00
9	9	0	0.00	2500	1496	1.14	132	0	0	3	0	0	0.00	100.00	0.00	0.00	100.00	0.00	23
9	41	0	0.00	2500	1496	1.36	130	0	0	2	0	0	0.00	100.00	0.00	0.00	100.00
10	10	0	0.00	2500	1496	1.15	130	0	0	5	0	0	0.00	100.00	0.00	0.00	100.00	0.00	21
10	42	0	0.00	2502	1496	1.37	130	0	0	2	0	0	0.00	100.00	0.00	0.00	100.00
11	11	0	0.00	2500	1496	1.17	131	0	0	5	0	0	0.00	100.00	0.00	0.00	100.00	0.00	20
11	43	0	0.00	2501	1496	1.36	130	0	0	3	0	0	0.00	100.00	0.00	0.00	100.00
12	12	0	0.00	2500	1496	1.12	130	0	0	3	0	0	0.00	100.00	0.00	0.00	100.00	0.00	23
12	44	0	0.00	2501	1496	1.29	130	0	0	2	0	0	0.00	100.00	0.00	0.00	100.00
13	13	0	0.00	2500	1496	1.17	132	0	0	5	0	0	0.00	100.00	0.00	0.00	100.00	0.00	22
13	45	0	0.00	2501	1496	1.36	130	0	0	3	0	0	0.00	100.00	0.00	0.00	100.00
14	14	0	0.00	2500	1496	1.17	130	0	0	3	0	0	0.00	100.00	0.00	0.00	100.00	0.00	21
14	46	0	0.00	2500	1496	1.37	131	0	0	2	0	0	0.00	100.00	0.00	0.00	100.00
15	15	0	0.00	2500	1496	1.11	131	0	0	5	0	0	0.00	100.00	0.00	0.00	100.00	0.00	21
15	47	0	0.00	2501	1496	1.30	131	0	0	3	0	0	0.00	100.00	0.00	0.00	100.00
16	16	0	0.00	2500	1496	1.17	131	0	0	3	0	0	0.00	100.00	0.00	0.00	100.00	0.00	23
16	48	0	0.00	2501	1496	1.37	129	0	0	2	0	0	0.00	100.00	0.00	0.00	100.00
17	17	0	0.00	2500	1496	1.15	130	0	0	3	0	0	0.00	100.00	0.00	0.00	100.00	0.00	25
17	49	0	0.00	2500	1496	1.36	131	0	0	3	0	0	0.00	100.00	0.00	0.00	100.00
18	18	0	0.00	2500	1496	1.11	131	0	0	3	0	0	0.00	100.00	0.00	0.00	100.00	0.00	25
18	50	0	0.00	2500	1496	1.34	131	0	0	2	0	0	0.00	100.00	0.00	0.00	100.00
19	19	0	0.00	2500	1496	1.20	131	0	0	3	0	0	0.00	100.00	0.00	0.00	100.00	0.00	24
19	51	0	0.00	2500	1496	1.37	130	0	0	2	0	0	0.00	100.00	0.00	0.00	100.00
20	20	0	0.00	2500	1496	1.17	130	0	0	3	0	0	0.00	100.00	0.00	0.00	100.00	0.00	22
20	52	0	0.00	2500	1496	1.38	130	0	0	2	0	0	0.00	100.00	0.00	0.00	100.00
21	21	0	0.00	2500	1496	1.15	130	0	0	3	0	0	0.00	100.00	0.00	0.00	100.00	0.00	24
21	53	0	0.00	2500	1496	1.36	130	0	0	2	0	0	0.00	100.00	0.00	0.00	100.00
22	22	0	0.00	2501	1496	1.13	132	0	0	3	0	0	0.00	100.00	0.00	0.00	100.00	0.00	26
22	54	0	0.00	2500	1496	1.37	131	0	0	2	0	0	0.00	100.00	0.00	0.00	100.00
23	23	0	0.00	2500	1496	1.15	130	0	0	5	0	0	0.00	100.00	0.00	0.00	100.00	0.00	22
23	55	0	0.00	2501	1496	1.37	131	0	0	2	0	0	0.00	100.00	0.00	0.00	100.00
24	24	0	0.00	2501	1496	1.16	130	0	0	3	0	0	0.00	100.00	0.00	0.00	100.00	0.00	23
24	56	0	0.00	2500	1496	1.37	130	0	0	2	0	0	0.00	100.00	0.00	0.00	100.00
25	25	0	0.00	2500	1496	1.17	131	0	0	5	0	0	0.00	100.00	0.00	0.00	100.00	0.00	21
25	57	0	0.00	2501	1496	1.36	130	0	0	3	0	0	0.00	100.00	0.00	0.00	100.00
26	26	0	0.00	2500	1496	1.14	131	0	0	5	0	0	0.00	100.00	0.00	0.00	100.00	0.00	25
26	58	0	0.00	2501	1496	1.36	131	0	0	3	0	0	0.00	100.00	0.00	0.00	100.00
27	27	0	0.00	2500	1496	1.16	130	0	0	3	0	0	0.00	100.00	0.00	0.00	100.00	0.00	23
27	59	0	0.00	2500	1496	1.37	131	0	0	2	0	0	0.00	100.00	0.00	0.00	100.00
28	28	0	0.00	2500	1496	1.16	131	0	0	3	0	0	0.00	100.00	0.00	0.00	100.00	0.00	22
28	60	0	0.00	2500	1496	1.37	130	0	0	2	0	0	0.00	100.00	0.00	0.00	100.00
29	29	73	2.94	2500	1496	1.01	6059	0	9	12025	0	0	0.00	97.43	0.00	0.00	97.06	0.00	23
29	61	60	2.40	2500	1496	0.87	5498	0	13	10405	0	0	0.00	97.91	0.00	0.00	97.60
30	30	65	2.61	2500	1496	0.87	5698	0	155	10333	0	0	0.09	97.72	0.00	0.00	97.39	0.00	24
30	62	63	2.53	2500	1496	0.94	5948	0	211	10895	0	0	0.10	97.81	0.00	0.00	97.47
31	31	86	3.43	2500	1496	1.03	6439	0	279	11100	0	0	0.18	96.92	0.00	0.00	96.57	0.00	23
31	63	77	3.10	2500	1496	1.01	6047	0	353	10381	0	0	0.22	97.22	0.00	0.00	96.90
