Core	CPU	Avg_MHz	Busy%	Bzy_MHz	TSC_MHz	IPC	IRQ	SMI	POLL	C1	C6	POLL%	C1%	C6%	CPU%c1	CPU%c6	CoreTmp	PkgTmp	PkgWatt	RAMWatt	PKG_%	RAM_%
-	-	4	0.13	3200	1600	1.62	29349	0	10	48363	0	0.00	99.88	0.00	99.87	0.00	33	33	102.54	2.15	100.01	0.00
0	0	11	0.35	3200	1600	1.10	5013	0	0	5800	0	0.00	99.70	0.00	99.65	0.00	31	33	102.50	2.15	99.98	0.00
0	20	1	0.03	3200	1600	1.45	283	0	0	233	0	0.00	99.98	0.00	99.97
1	1	15	0.46	3200	1600	1.14	2216	0	9	8769	0	0.01	99.62	0.00	99.54	0.00	30
1	21	10	0.32	3200	1600	1.08	2086	0	0	3933	0	0.00	99.72	0.00	99.68
2	2	6	0.18	3200	1600	1.16	1106	0	0	2422	0	0.00	99.84	0.00	99.82	0.00	30
2	22	11	0.34	3200	1600	1.10	2130	0	0	3914	0	0.00	99.69	0.00	99.66
3	3	4	0.12	3200	1600	1.31	2870	0	0	2830	0	0.00	99.91	0.00	99.88	0.00	30
3	23	65	2.04	3200	1600	2.34	542	0	0	493	0	0.00	97.96	0.00	97.96
4	4	8	0.25	3200	1600	1.04	1456	0	0	2736	0	0.00	99.78	0.00	99.75	0.00	33
4	24	17	0.54	3200	1600	1.22	3986	0	0	8170	0	0.00	99.53	0.00	99.46
5	5	8	0.23	3200	1600	1.12	1512	0	0	2765	0	0.00	99.79	0.00	99.77	0.00	33
5	25	13	0.40	3200	1600	1.26	3825	0	1	6213	0	0.00	99.66	0.00	99.60
6	6	0	0.00	3200	1600	1.39	83	0	0	3	0	0.00	100.00	0.00	100.00	0.00	30
6	26	0	0.00	3201	1600	1.70	83	0	0	3	0	0.00	100.00	0.00	100.00
7	7	0	0.00	3200	1600	1.47	83	0	0	3	0	0.00	100.00	0.00	100.00	0.00	32
7	27	0	0.00	3200	1600	1.64	83	0	0	3	0	0.00	100.00	0.00	100.00
8	8	0	0.00	3200	1600	1.51	83	0	0	3	0	0.00	100.00	0.00	100.00	0.00	30
8	28	0	0.00	3199	1600	1.72	83	0	0	3	0	0.00	100.00	0.00	100.00
9	9	0	0.00	3200	1600	1.50	83	0	0	3	0	0.00	100.00	0.00	100.00	0.00	31
9	29	0	0.00	3200	1600	1.72	83	0	0	3	0	0.00	100.00	0.00	100.00
10	10	0	0.00	3200	1600	1.57	83	0	0	3	0	0.00	100.00	0.00	100.00	0.00	32
10	30	0	0.00	3199	1600	1.75	83	0	0	3	0	0.00	100.00	0.00	100.00
11	11	0	0.00	3201	1600	1.56	83	0	0	3	0	0.00	100.00	0.00	100.00	0.00	31
11	31	0	0.00	3199	1600	1.75	83	0	0	3	0	0.00	100.00	0.00	100.00
12	12	0	0.00	3199	1600	1.57	83	0	0	3	0	0.00	100.00	0.00	100.00	0.00	31
12	32	0	0.00	3198	1600	1.72	83	0	0	3	0	0.00	100.00	0.00	100.00
13	13	0	0.00	3200	1600	1.59	83	0	0	3	0	0.00	100.00	0.00	100.00	0.00	28
13	33	0	0.00	3200	1600	1.75	83	0	0	3	0	0.00	100.00	0.00	100.00
14	14	0	0.00	3199	1600	1.56	83	0	0	3	0	0.00	100.00	0.00	100.00	0.00	30
14	34	0	0.00	3198	1600	1.76	83	0	0	3	0	0.00	100.00	0.00	100.00
15	15	0	0.00	3199	1600	1.58	83	0	0	3	0	0.00	100.00	0.00	100.00	0.00	29
15	35	0	0.00	3200	1600	1.75	83	0	0	3	0	0.00	100.00	0.00	100.00
16	16	0	0.00	3200	1600	1.54	83	0	0	3	0	0.00	100.00	0.00	100.00	0.00	31
16	36	0	0.00	3199	1600	1.73	83	0	0	3	0	0.00	100.00	0.00	100.00
17	17	0	0.00	3201	1600	1.53	83	0	0	3	0	0.00	100.00	0.00	100.00	0.00	33
17	37	0	0.00	3201	1600	1.67	83	0	0	3	0	0.00	100.00	0.00	100.00
18	18	0	0.00	3200	1600	1.54	83	0	0	3	0	0.00	100.00	0.00	100.00	0.00	31
18	38	0	0.00	3201	1600	1.72	83	0	0	3	0	0.00	100.00	0.00	100.00
19	19	0	0.00	3201	1600	1.47	85	0	0	4	0	0.00	100.00	0.00	100.00	0.00	30
19	39	0	0.01	3199	1600	3.26	81	0	0	3	0	0.00	99.99	0.00	99.99
