Core	CPU	Avg_MHz	Busy%	Bzy_MHz	TSC_MHz	IPC	IRQ	SMI	POLL	C1	C1E	C6	POLL%	C1%	C1E%	C6%	CPU%c1	CPU%c6	CoreTmp	CoreThr	PkgTmp	PkgWatt	RAMWatt	PKG_%	RAM_%
-	-	6	0.25	2500	1497	1.62	22506	0	9	27774	0	0	0.00	99.78	0.00	0.00	99.75	0.00	31	0	31	110.78	9.40	0.00	0.00
0	0	2	0.09	2500	1496	1.10	61	0	0	83	0	0	0.00	99.92	0.00	0.00	99.91	0.00	28	0	31	110.78	9.40	0.00	0.00
0	32	1	0.03	2500	1496	0.98	61	0	0	81	0	0	0.00	99.98	0.00	0.00	99.97
1	1	1	0.05	2500	1496	0.54	82	0	0	107	0	0	0.00	99.95	0.00	0.00	99.95	0.00	28	0
1	33	0	0.02	2500	1496	0.87	27	0	0	29	0	0	0.00	99.98	0.00	0.00	99.98
2	2	37	1.48	2500	1496	1.95	2112	0	2	3185	0	0	0.01	98.67	0.00	0.00	98.52	0.00	31	0
2	34	11	0.44	2500	1496	1.56	181	0	0	317	0	0	0.00	99.58	0.00	0.00	99.56
3	3	30	1.22	2500	1496	1.69	902	0	1	1259	0	0	0.00	98.84	0.00	0.00	98.78	0.00	30	0
3	35	2	0.09	2500	1496	0.94	45	0	0	173	0	0	0.00	99.92	0.00	0.00	99.91
4	4	1	0.04	2500	1496	0.38	19	0	0	23	0	0	0.00	99.96	0.00	0.00	99.96	0.00	27	0
4	36	0	0.02	2500	1496	0.81	80	0	0	81	0	0	0.00	99.99	0.00	0.00	99.98
5	5	6	0.24	2500	1496	1.48	451	0	0	773	0	0	0.00	99.80	0.00	0.00	99.76	0.00	27	0
5	37	0	0.00	2500	1496	0.92	11	0	0	11	0	0	0.00	100.00	0.00	0.00	100.00
6	6	13	0.53	2500	1496	1.61	1353	0	0	1642	0	0	0.00	99.55	0.00	0.00	99.47	0.00	30	0
6	38	4	0.15	2500	1496	1.84	500	0	0	723	0	0	0.00	99.88	0.00	0.00	99.85
7	7	33	1.31	2500	1496	1.77	3144	0	4	3659	0	0	0.01	98.88	0.00	0.00	98.69	0.00	26	0
7	39	0	0.00	2500	1496	0.98	9	0	0	9	0	0	0.00	100.00	0.00	0.00	100.00
8	8	11	0.46	2500	1496	1.29	278	0	0	234	0	0	0.00	99.55	0.00	0.00	99.54	0.00	29	0
8	40	0	0.00	2500	1496	0.92	10	0	0	10	0	0	0.00	100.00	0.00	0.00	100.00
9	9	4	0.15	2500	1496	1.11	984	0	1	1029	0	0	0.01	99.91	0.00	0.00	99.85	0.00	29	0
9	41	1	0.04	2500	1496	0.41	18	0	0	15	0	0	0.00	99.96	0.00	0.00	99.96
10	10	5	0.20	2500	1496	1.26	1286	0	0	1294	0	0	0.00	99.87	0.00	0.00	99.80	0.00	26	0
10	42	0	0.01	2500	1496	1.12	15	0	0	18	0	0	0.00	99.99	0.00	0.00	99.99
11	11	2	0.09	2500	1496	0.87	100	0	0	150	0	0	0.00	99.92	0.00	0.00	99.91	0.00	26	0
11	43	1	0.05	2500	1496	1.94	33	0	0	32	0	0	0.00	99.96	0.00	0.00	99.95
12	12	5	0.21	2500	1496	1.23	1072	0	0	1100	0	0	0.00	99.85	0.00	0.00	99.79	0.00	27	0
12	44	1	0.05	2500	1496	0.68	35	0	0	89	0	0	0.00	99.95	0.00	0.00	99.95
13	13	7	0.30	2500	1496	1.74	142	0	0	349	0	0	0.00	99.72	0.00	0.00	99.70	0.00	28	0
13	45	1	0.04	2500	1496	0.30	23	0	0	21	0	0	0.00	99.97	0.00	0.00	99.96
14	14	8	0.34	2500	1496	1.57	720	0	0	1259	0	0	0.00	99.72	0.00	0.00	99.66	0.00	26	0
14	46	0	0.01	2500	1496	0.96	22	0	0	28	0	0	0.00	99.99	0.00	0.00	99.99
15	15	19	0.76	2500	1496	1.67	251	0	0	407	0	0	0.00	99.26	0.00	0.00	99.24	0.00	26	0
15	47	1	0.05	2500	1496	0.25	55	0	0	50	0	0	0.00	99.97	0.00	0.00	99.95
16	16	26	1.03	2500	1496	1.71	231	0	0	139	0	0	0.00	98.98	0.00	0.00	98.97	0.00	29	0
16	48	3	0.14	2500	1496	1.07	45	0	0	41	0	0	0.00	99.87	0.00	0.00	99.86
17	17	1	0.04	2500	1496	0.35	8	0	0	8	0	0	0.00	99.96	0.00	0.00	99.96	0.00	29	0
17	49	1	0.05	2500	1496	0.56	46	0	0	55	0	0	0.00	99.96	0.00	0.00	99.95
18	18	1	0.04	2500	1496	0.55	40	0	0	33	0	0	0.00	99.96	0.00	0.00	99.96	0.00	30	0
18	50	2	0.09	2500	1496	1.03	130	0	0	203	0	0	0.00	99.92	0.00	0.00	99.91
19	19	6	0.25	2500	1496	1.63	574	0	0	1097	0	0	0.00	99.80	0.00	0.00	99.75	0.00	29	0
19	51	1	0.04	2500	1496	0.51	35	0	0	25	0	0	0.00	99.96	0.00	0.00	99.96
20	20	1	0.06	2500	1496	0.59	19	0	0	11	0	0	0.00	99.94	0.00	0.00	99.94	0.00	28	0
20	52	3	0.11	2500	1496	0.97	51	0	0	173	0	0	0.00	99.90	0.00	0.00	99.89
21	21	1	0.04	2500	1496	0.40	14	0	0	12	0	0	0.00	99.96	0.00	0.00	99.96	0.00	29	0
21	53	1	0.04	2500	1496	0.36	21	0	0	20	0	0	0.00	99.96	0.00	0.00	99.96
22	22	29	1.17	2500	1496	2.12	391	0	1	449	0	0	0.00	98.85	0.00	0.00	98.83	0.00	31	0
22	54	1	0.06	2500	1496	0.53	36	0	0	31	0	0	0.00	99.94	0.00	0.00	99.94
23	23	3	0.11	2500	1496	1.00	99	0	0	218	0	0	0.00	99.90	0.00	0.00	99.89	0.00	27	0
23	55	2	0.09	2500	1496	0.78	30	0	0	23	0	0	0.00	99.91	0.00	0.00	99.91
24	24	2	0.06	2500	1496	0.62	22	0	0	10	0	0	0.00	99.94	0.00	0.00	99.94	0.00	28	0
24	56	1	0.04	2500	1496	0.40	12	0	0	30	0	0	0.00	99.96	0.00	0.00	99.96
25	25	1	0.03	2500	1496	1.32	83	0	0	99	0	0	0.00	99.98	0.00	0.00	99.97	0.00	27	0
25	57	1	0.05	2500	1496	0.76	57	0	0	89	0	0	0.00	99.95	0.00	0.00	99.95
26	26	4	0.17	2500	1496	1.13	111	0	0	290	0	0	0.00	99.84	0.00	0.00	99.83	0.00	30	0
26	58	2	0.08	2500	1496	0.83	36	0	0	162	0	0	0.00	99.93	0.00	0.00	99.92
27	27	1	0.04	2500	1496	0.41	14	0	0	9	0	0	0.00	99.96	0.00	0.00	99.96	0.00	27	0
27	59	1	0.02	2500	1496	0.34	12	0	0	15	0	0	0.00	99.98	0.00	0.00	99.98
28	28	1	0.04	2500	1496	0.41	11	0	0	11	0	0	0.00	99.96	0.00	0.00	99.96	0.00	27	0
28	60	1	0.04	2500	1496	0.36	12	0	0	12	0	0	0.00	99.96	0.00	0.00	99.96
29	29	3	0.11	2500	1496	0.91	209	0	0	216	0	0	0.00	99.90	0.00	0.00	99.89	0.00	28	0
29	61	1	0.05	2500	1496	0.44	26	0	0	32	0	0	0.00	99.95	0.00	0.00	99.95
30	30	1	0.02	2500	1496	0.34	6	0	0	7	0	0	0.00	99.98	0.00	0.00	99.98	0.00	28	0
30	62	1	0.03	2500	1496	1.10	104	0	0	99	0	0	0.00	99.98	0.00	0.00	99.97
31	31	64	2.58	2500	1496	1.93	5898	0	0	5875	0	0	0.00	97.75	0.00	0.00	97.42	0.00	28	0
31	63	14	0.56	2500	1496	1.83	41	0	0	40	0	0	0.00	99.45	0.00	0.00	99.44
