Core	CPU	Avg_MHz	Busy%	Bzy_MHz	TSC_MHz	IPC	IRQ	SMI	POLL	C1	C1E	C6	POLL%	C1%	C1E%	C6%	CPU%c1	CPU%c6	CoreTmp	PkgTmp	PkgWatt	RAMWatt	PKG_%	RAM_%
-	-	71	2.85	2500	1995	1.17	126468	0	925	228390	0	0	0.00	97.26	0.00	0.00	97.15	0.00	32	32	118.79	33.29	0.00	0.00
0	0	241	9.65	2500	1995	1.08	7005	0	27	14505	0	0	0.00	90.69	0.00	0.00	90.35	0.00	29	32	118.73	33.27	0.00	0.00
0	28	254	10.17	2500	1995	1.12	7333	0	71	13713	0	0	0.01	90.16	0.00	0.00	89.83
1	1	0	0.01	2500	1995	0.37	198	0	0	84	0	0	0.00	100.00	0.00	0.00	99.99	0.00	30
1	29	0	0.01	2498	1995	0.50	196	0	0	84	0	0	0.00	100.00	0.00	0.00	99.99
2	2	0	0.01	2500	1995	0.41	198	0	0	84	0	0	0.00	100.00	0.00	0.00	99.99	0.00	31
2	30	0	0.01	2499	1995	0.52	197	0	0	84	0	0	0.00	100.00	0.00	0.00	99.99
3	3	0	0.01	2500	1995	0.39	195	0	0	83	0	0	0.00	100.00	0.00	0.00	99.99	0.00	29
3	31	0	0.01	2500	1995	0.53	196	0	0	84	0	0	0.00	100.00	0.00	0.00	99.99
4	4	0	0.01	2500	1995	0.41	198	0	0	83	0	0	0.00	100.00	0.00	0.00	99.99	0.00	31
4	32	0	0.01	2500	1995	0.57	204	0	0	90	0	0	0.00	100.00	0.00	0.00	99.99
5	5	0	0.01	2500	1995	0.44	196	0	0	83	0	0	0.00	100.00	0.00	0.00	99.99	0.00	27
5	33	0	0.01	2500	1995	0.58	199	0	0	83	0	0	0.00	100.00	0.00	0.00	99.99
6	6	0	0.01	2500	1995	0.41	197	0	0	83	0	0	0.00	100.00	0.00	0.00	99.99	0.00	32
6	34	0	0.01	2500	1995	0.54	197	0	0	83	0	0	0.00	100.00	0.00	0.00	99.99
7	7	0	0.01	2500	1995	0.42	195	0	0	83	0	0	0.00	100.00	0.00	0.00	99.99	0.00	30
7	35	0	0.01	2500	1995	0.58	198	0	0	83	0	0	0.00	100.00	0.00	0.00	99.99
8	8	0	0.01	2500	1995	0.44	198	0	0	83	0	0	0.00	100.00	0.00	0.00	99.99	0.00	30
8	36	0	0.01	2500	1995	0.56	199	0	0	83	0	0	0.00	100.00	0.00	0.00	99.99
9	9	0	0.01	2500	1995	0.42	201	0	0	85	0	0	0.00	99.99	0.00	0.00	99.99	0.00	28
9	37	0	0.01	2500	1995	0.57	200	0	0	85	0	0	0.00	99.99	0.00	0.00	99.99
10	10	0	0.01	2500	1995	0.43	196	0	0	82	0	0	0.00	100.00	0.00	0.00	99.99	0.00	29
10	38	0	0.01	2498	1995	0.58	199	0	0	83	0	0	0.00	100.00	0.00	0.00	99.99
11	11	0	0.01	2501	1995	0.39	197	0	0	82	0	0	0.00	100.00	0.00	0.00	99.99	0.00	32
11	39	0	0.01	2500	1995	0.49	198	0	0	82	0	0	0.00	100.00	0.00	0.00	99.99
12	12	0	0.01	2500	1995	0.40	197	0	0	82	0	0	0.00	100.00	0.00	0.00	99.99	0.00	31
12	40	0	0.01	2500	1995	0.52	197	0	0	82	0	0	0.00	100.00	0.00	0.00	99.99
13	13	0	0.01	2500	1995	0.40	196	0	0	82	0	0	0.00	100.00	0.00	0.00	99.99	0.00	28
13	41	0	0.01	2500	1995	0.52	197	0	0	82	0	0	0.00	100.00	0.00	0.00	99.99
14	14	0	0.01	2500	1995	0.42	195	0	0	82	0	0	0.00	100.00	0.00	0.00	99.99	0.00	28
14	42	0	0.01	2500	1995	0.56	196	0	0	82	0	0	0.00	100.00	0.00	0.00	99.99
15	15	0	0.01	2500	1995	0.41	196	0	0	82	0	0	0.00	100.00	0.00	0.00	99.99	0.00	31
15	43	0	0.01	2500	1995	0.55	195	0	0	82	0	0	0.00	100.00	0.00	0.00	99.99
16	16	0	0.01	2500	1995	0.44	198	0	0	82	0	0	0.00	100.00	0.00	0.00	99.99	0.00	32
16	44	0	0.01	2500	1995	0.55	196	0	0	82	0	0	0.00	100.00	0.00	0.00	99.99
17	17	0	0.01	2500	1995	0.43	197	0	0	82	0	0	0.00	100.00	0.00	0.00	99.99	0.00	31
17	45	0	0.01	2498	1995	0.56	197	0	0	82	0	0	0.00	100.00	0.00	0.00	99.99
18	18	0	0.01	2500	1995	0.42	198	0	0	82	0	0	0.00	100.00	0.00	0.00	99.99	0.00	31
18	46	0	0.01	2497	1995	0.56	195	0	0	82	0	0	0.00	100.00	0.00	0.00	99.99
19	19	0	0.01	2500	1995	0.43	198	0	0	82	0	0	0.00	100.00	0.00	0.00	99.99	0.00	29
19	47	0	0.01	2500	1995	0.55	196	0	0	82	0	0	0.00	100.00	0.00	0.00	99.99
20	20	0	0.01	2500	1995	0.44	198	0	0	82	0	0	0.00	100.00	0.00	0.00	99.99	0.00	28
20	48	0	0.01	2498	1995	0.58	195	0	0	82	0	0	0.00	100.00	0.00	0.00	99.99
21	21	250	10.01	2500	1995	1.26	7989	0	30	15751	0	0	0.00	90.37	0.00	0.00	89.99	0.00	31
21	49	240	9.60	2500	1995	1.16	7408	0	37	14167	0	0	0.00	90.75	0.00	0.00	90.40
22	22	229	9.19	2500	1995	1.14	7341	0	69	14522	0	0	0.01	91.17	0.00	0.00	90.81	0.00	29
22	50	241	9.66	2500	1995	1.14	7104	0	62	13835	0	0	0.02	90.67	0.00	0.00	90.34
23	23	273	10.93	2500	1995	1.45	7040	0	66	13160	0	0	0.01	89.39	0.00	0.00	89.07	0.00	29
23	51	262	10.50	2500	1995	1.20	7445	0	60	13813	0	0	0.02	89.83	0.00	0.00	89.50
24	24	239	9.59	2500	1995	1.10	8212	0	59	13861	0	0	0.01	90.76	0.00	0.00	90.41	0.00	31
24	52	232	9.29	2500	1995	1.14	6950	0	60	13674	0	0	0.01	91.04	0.00	0.00	90.71
25	25	265	10.64	2500	1995	1.19	7414	0	52	14216	0	0	0.01	89.70	0.00	0.00	89.36	0.00	31
25	53	275	11.01	2500	1995	1.19	7419	0	68	13749	0	0	0.02	89.33	0.00	0.00	88.99
26	26	215	8.63	2500	1995	1.10	7491	0	70	14527	0	0	0.02	91.73	0.00	0.00	91.37	0.00	29
26	54	257	10.30	2500	1995	1.18	7736	0	72	14115	0	0	0.03	90.05	0.00	0.00	89.70
27	27	262	10.49	2500	1995	1.15	7470	0	63	13820	0	0	0.03	89.85	0.00	0.00	89.51	0.00	28
27	55	234	9.38	2500	1995	1.11	7222	0	59	13647	0	0	0.02	90.95	0.00	0.00	90.62
