Core	CPU	Avg_MHz	Busy%	Bzy_MHz	TSC_MHz	IPC	IRQ	SMI	POLL	C1	C1E	C6	POLL%	C1%	C1E%	C6%	CPU%c1	CPU%c6	CoreTmp	PkgTmp	PkgWatt	RAMWatt	PKG_%	RAM_%
-	-	9	0.37	2500	1497	0.94	59469	0	953	93753	0	0	0.01	99.68	0.00	0.00	99.63	0.00	27	27	88.98	7.83	0.00	0.00
0	0	76	3.06	2500	1496	0.84	7475	0	11	12614	0	0	0.00	97.33	0.00	0.00	96.94	0.00	26	27	88.91	7.82	0.00	0.00
0	32	75	3.02	2500	1496	0.94	6377	0	187	11702	0	0	0.10	97.34	0.00	0.00	96.98
1	1	0	0.00	2500	1496	0.94	132	0	0	3	0	0	0.00	100.00	0.00	0.00	100.00	0.00	23
1	33	0	0.00	2500	1496	1.19	132	0	0	3	0	0	0.00	100.00	0.00	0.00	100.00
2	2	0	0.00	2500	1496	1.01	131	0	0	3	0	0	0.00	100.00	0.00	0.00	100.00	0.00	26
2	34	0	0.00	2500	1496	1.22	132	0	0	3	0	0	0.00	100.00	0.00	0.00	100.00
3	3	0	0.00	2500	1496	1.03	131	0	0	3	0	0	0.00	100.00	0.00	0.00	100.00	0.00	25
3	35	0	0.00	2500	1496	1.21	133	0	0	3	0	0	0.00	100.00	0.00	0.00	100.00
4	4	0	0.00	2500	1496	1.04	137	0	0	6	0	0	0.00	100.00	0.00	0.00	100.00	0.00	24
4	36	0	0.00	2500	1496	1.11	134	0	0	4	0	0	0.00	100.00	0.00	0.00	100.00
5	5	0	0.00	2500	1496	1.01	131	0	0	3	0	0	0.00	100.00	0.00	0.00	100.00	0.00	23
5	37	0	0.00	2500	1496	1.24	131	0	0	2	0	0	0.00	100.00	0.00	0.00	100.00
6	6	0	0.00	2500	1496	1.00	131	0	0	3	0	0	0.00	100.00	0.00	0.00	100.00	0.00	26
6	38	0	0.00	2500	1496	1.22	130	0	0	2	0	0	0.00	100.00	0.00	0.00	100.00
7	7	0	0.00	2500	1496	1.03	132	0	0	3	0	0	0.00	100.00	0.00	0.00	100.00	0.00	22
7	39	0	0.00	2500	1496	1.24	130	0	0	2	0	0	0.00	100.00	0.00	0.00	100.00
8	8	0	0.00	2500	1496	1.01	131	0	0	3	0	0	0.00	100.00	0.00	0.00	100.00	0.00	24
8	40	0	0.00	2501	1496	1.23	131	0	0	2	0	0	0.00	100.00	0.00	0.00	100.00
9	9	0	0.00	2500	1496	1.20	132	0	0	3	0	0	0.00	100.00	0.00	0.00	100.00	0.00	24
9	41	0	0.00	2500	1496	1.40	130	0	0	2	0	0	0.00	100.00	0.00	0.00	100.00
10	10	0	0.00	2502	1496	1.17	131	0	0	3	0	0	0.00	100.00	0.00	0.00	100.00	0.00	22
10	42	0	0.00	2503	1496	1.38	130	0	0	2	0	0	0.00	100.00	0.00	0.00	100.00
11	11	0	0.00	2501	1496	1.21	132	0	0	3	0	0	0.00	100.00	0.00	0.00	100.00	0.00	22
11	43	0	0.00	2500	1496	1.41	129	0	0	2	0	0	0.00	100.00	0.00	0.00	100.00
12	12	0	0.00	2502	1496	1.18	132	0	0	3	0	0	0.00	100.00	0.00	0.00	100.00	0.00	23
12	44	0	0.00	2500	1496	1.39	130	0	0	2	0	0	0.00	100.00	0.00	0.00	100.00
13	13	0	0.00	2500	1496	1.16	132	0	0	3	0	0	0.00	100.00	0.00	0.00	100.00	0.00	23
13	45	0	0.00	2500	1496	1.38	132	0	0	2	0	0	0.00	100.00	0.00	0.00	100.00
14	14	0	0.00	2500	1496	1.22	130	0	0	3	0	0	0.00	100.00	0.00	0.00	100.00	0.00	22
14	46	0	0.00	2500	1496	1.40	131	0	0	2	0	0	0.00	100.00	0.00	0.00	100.00
15	15	0	0.00	2501	1496	1.19	132	0	0	3	0	0	0.00	100.00	0.00	0.00	100.00	0.00	22
15	47	0	0.00	2500	1496	1.39	129	0	0	2	0	0	0.00	100.00	0.00	0.00	100.00
16	16	0	0.00	2503	1496	1.18	130	0	0	3	0	0	0.00	100.00	0.00	0.00	100.00	0.00	25
16	48	0	0.00	2500	1496	1.32	131	0	0	2	0	0	0.00	100.00	0.00	0.00	100.00
17	17	0	0.00	2500	1496	1.18	132	0	0	3	0	0	0.00	100.00	0.00	0.00	100.00	0.00	26
17	49	0	0.00	2500	1496	1.37	129	0	0	2	0	0	0.00	100.00	0.00	0.00	100.00
18	18	0	0.00	2500	1496	1.18	131	0	0	3	0	0	0.00	100.00	0.00	0.00	100.00	0.00	26
18	50	0	0.00	2500	1496	1.37	130	0	0	2	0	0	0.00	100.00	0.00	0.00	100.00
19	19	0	0.00	2501	1496	1.20	131	0	0	3	0	0	0.00	100.00	0.00	0.00	100.00	0.00	26
19	51	0	0.00	2500	1496	1.37	131	0	0	2	0	0	0.00	100.00	0.00	0.00	100.00
20	20	0	0.00	2502	1496	1.20	130	0	0	3	0	0	0.00	100.00	0.00	0.00	100.00	0.00	24
20	52	0	0.00	2500	1496	1.40	129	0	0	2	0	0	0.00	100.00	0.00	0.00	100.00
21	21	0	0.00	2501	1496	1.20	133	0	0	3	0	0	0.00	100.00	0.00	0.00	100.00	0.00	26
21	53	0	0.00	2500	1496	1.37	130	0	0	2	0	0	0.00	100.00	0.00	0.00	100.00
22	22	0	0.00	2501	1496	1.16	131	0	0	3	0	0	0.00	100.00	0.00	0.00	100.00	0.00	27
22	54	0	0.00	2499	1496	1.33	131	0	0	2	0	0	0.00	100.00	0.00	0.00	100.00
23	23	0	0.00	2500	1496	1.21	132	0	0	3	0	0	0.00	100.00	0.00	0.00	100.00	0.00	22
23	55	0	0.00	2500	1496	1.40	128	0	0	2	0	0	0.00	100.00	0.00	0.00	100.00
24	24	0	0.00	2500	1496	1.18	132	0	0	3	0	0	0.00	100.00	0.00	0.00	100.00	0.00	24
24	56	0	0.00	2501	1496	1.39	130	0	0	2	0	0	0.00	100.00	0.00	0.00	100.00
25	25	0	0.00	2501	1496	1.19	132	0	0	3	0	0	0.00	100.00	0.00	0.00	100.00	0.00	23
25	57	0	0.00	2500	1496	1.38	129	0	0	2	0	0	0.00	100.00	0.00	0.00	100.00
26	26	0	0.00	2500	1496	1.21	130	0	0	3	0	0	0.00	100.00	0.00	0.00	100.00	0.00	26
26	58	0	0.00	2500	1496	1.38	131	0	0	2	0	0	0.00	100.00	0.00	0.00	100.00
27	27	0	0.00	2501	1496	1.19	130	0	0	3	0	0	0.00	100.00	0.00	0.00	100.00	0.00	24
27	59	0	0.00	2500	1496	1.37	131	0	0	2	0	0	0.00	100.00	0.00	0.00	100.00
28	28	0	0.00	2500	1496	1.19	130	0	0	3	0	0	0.00	100.00	0.00	0.00	100.00	0.00	24
28	60	0	0.00	2500	1496	1.41	131	0	0	2	0	0	0.00	100.00	0.00	0.00	100.00
29	29	85	3.40	2500	1496	1.08	5811	0	5	11075	0	0	0.00	96.94	0.00	0.00	96.60	0.00	24
29	61	77	3.11	2500	1496	1.05	6572	0	17	12204	0	0	0.00	97.26	0.00	0.00	96.89
30	30	62	2.47	2500	1496	0.81	6316	0	177	11367	0	0	0.09	97.88	0.00	0.00	97.53	0.00	25
30	62	73	2.92	2500	1496	0.92	6627	0	202	11305	0	0	0.09	97.44	0.00	0.00	97.08
31	31	78	3.14	2500	1496	0.91	6608	0	151	11314	0	0	0.08	97.22	0.00	0.00	96.86	0.00	24
31	63	66	2.66	2500	1496	0.87	6347	0	203	12024	0	0	0.07	97.71	0.00	0.00	97.34
