Core	CPU	Avg_MHz	Busy%	Bzy_MHz	TSC_MHz	IPC	IRQ	SMI	POLL	C1	C6	POLL%	C1%	C6%	CPU%c1	CPU%c6	CoreTmp	PkgTmp	PkgWatt	RAMWatt	PKG_%	RAM_%
-	-	7	0.21	3200	1600	1.78	33857	0	52	61876	0	0.00	99.81	0.00	99.79	0.00	38	38	105.60	2.08	100.01	0.00
0	0	36	1.13	3200	1600	1.37	6197	0	1	8066	0	0.00	98.94	0.00	98.87	0.00	36	38	105.56	2.08	99.97	0.00
0	20	8	0.25	3200	1600	0.96	1557	0	1	2849	0	0.00	99.77	0.00	99.75
1	1	20	0.63	3200	1600	1.15	4230	0	43	13118	0	0.00	99.48	0.00	99.37	0.00	35
1	21	1	0.04	3200	1600	1.31	226	0	0	278	0	0.00	99.96	0.00	99.96
2	2	18	0.55	3200	1600	1.14	4264	0	2	11384	0	0.00	99.55	0.00	99.45	0.00	36
2	22	1	0.04	3200	1600	1.23	225	0	0	241	0	0.00	99.96	0.00	99.96
3	3	16	0.51	3200	1600	1.21	4554	0	0	8434	0	0.00	99.57	0.00	99.49	0.00	35
3	23	28	0.89	3200	1600	2.83	746	0	0	981	0	0.00	99.12	0.00	99.11
4	4	10	0.32	3200	1600	1.22	2650	0	1	4605	0	0.00	99.72	0.00	99.68	0.00	38
4	24	51	1.58	3200	1600	1.53	2672	0	2	4900	0	0.00	98.46	0.00	98.42
5	5	11	0.34	3200	1600	1.18	2699	0	1	4570	0	0.00	99.70	0.00	99.66	0.00	37
5	25	66	2.05	3200	1600	2.57	1513	0	1	2365	0	0.00	97.97	0.00	97.95
6	6	0	0.00	3200	1600	1.17	83	0	0	3	0	0.00	100.00	0.00	100.00	0.00	36
6	26	0	0.00	3202	1600	1.35	83	0	0	3	0	0.00	100.00	0.00	100.00
7	7	0	0.00	3200	1600	1.21	83	0	0	3	0	0.00	100.00	0.00	100.00	0.00	37
7	27	0	0.00	3198	1600	1.40	83	0	0	3	0	0.00	100.00	0.00	100.00
8	8	0	0.00	3200	1600	1.22	83	0	0	3	0	0.00	100.00	0.00	100.00	0.00	36
8	28	0	0.00	3199	1600	1.43	83	0	0	3	0	0.00	100.00	0.00	100.00
9	9	0	0.00	3200	1600	1.45	83	0	0	3	0	0.00	100.00	0.00	100.00	0.00	36
9	29	0	0.00	3199	1600	1.59	83	0	0	3	0	0.00	100.00	0.00	100.00
10	10	0	0.00	3200	1600	1.45	83	0	0	3	0	0.00	100.00	0.00	100.00	0.00	38
10	30	0	0.00	3200	1600	1.60	83	0	0	3	0	0.00	100.00	0.00	100.00
11	11	0	0.00	3200	1600	1.46	83	0	0	3	0	0.00	100.00	0.00	100.00	0.00	37
11	31	0	0.00	3200	1600	1.59	83	0	0	3	0	0.00	100.00	0.00	100.00
12	12	0	0.00	3200	1600	1.47	83	0	0	3	0	0.00	100.00	0.00	100.00	0.00	37
12	32	0	0.00	3200	1600	1.59	83	0	0	3	0	0.00	100.00	0.00	100.00
13	13	0	0.00	3201	1600	1.46	83	0	0	3	0	0.00	100.00	0.00	100.00	0.00	35
13	33	0	0.00	3200	1600	1.57	83	0	0	3	0	0.00	100.00	0.00	100.00
14	14	0	0.00	3200	1600	1.47	83	0	0	3	0	0.00	100.00	0.00	100.00	0.00	35
14	34	0	0.00	3198	1600	1.59	83	0	0	3	0	0.00	100.00	0.00	100.00
15	15	0	0.00	3200	1600	1.46	83	0	0	3	0	0.00	100.00	0.00	100.00	0.00	34
15	35	0	0.00	3201	1600	1.60	83	0	0	3	0	0.00	100.00	0.00	100.00
16	16	0	0.00	3200	1600	1.45	83	0	0	3	0	0.00	100.00	0.00	100.00	0.00	37
16	36	0	0.00	3199	1600	1.59	83	0	0	3	0	0.00	100.00	0.00	100.00
17	17	0	0.00	3200	1600	1.44	83	0	0	3	0	0.00	100.00	0.00	100.00	0.00	38
17	37	0	0.00	3199	1600	1.60	83	0	0	3	0	0.00	100.00	0.00	100.00
18	18	0	0.00	3200	1600	1.47	83	0	0	3	0	0.00	100.00	0.00	100.00	0.00	36
18	38	0	0.00	3198	1600	1.61	83	0	0	3	0	0.00	100.00	0.00	100.00
19	19	0	0.00	3199	1600	1.38	85	0	0	4	0	0.00	100.00	0.00	100.00	0.00	36
19	39	0	0.01	3199	1600	3.15	81	0	0	3	0	0.00	99.99	0.00	99.99
