Core	CPU	Avg_MHz	Busy%	Bzy_MHz	TSC_MHz	IPC	IRQ	SMI	POLL	C1	C1E	C6	POLL%	C1%	C1E%	C6%	CPU%c1	CPU%c6	CoreTmp	CoreThr	PkgTmp	PkgWatt	RAMWatt	PKG_%	RAM_%
-	-	7	0.30	2500	1497	1.88	27618	0	14	33967	0	0	0.00	99.73	0.00	0.00	99.70	0.00	31	0	31	110.89	9.39	0.00	0.00
0	0	6	0.22	2500	1496	1.17	223	0	0	301	0	0	0.00	99.80	0.00	0.00	99.78	0.00	28	0	31	110.88	9.39	0.00	0.00
0	32	6	0.25	2500	1496	1.51	378	0	1	356	0	0	0.00	99.78	0.00	0.00	99.75
1	1	13	0.50	2500	1496	1.81	278	0	0	588	0	0	0.00	99.52	0.00	0.00	99.50	0.00	29	0
1	33	12	0.48	2500	1496	1.79	250	0	6	261	0	0	0.00	99.53	0.00	0.00	99.52
2	2	1	0.02	2500	1496	1.09	37	0	0	63	0	0	0.00	99.98	0.00	0.00	99.98	0.00	31	0
2	34	3	0.11	2500	1496	1.36	72	0	0	94	0	0	0.00	99.89	0.00	0.00	99.89
3	3	7	0.29	2500	1496	1.65	163	0	0	345	0	0	0.00	99.73	0.00	0.00	99.71	0.00	30	0
3	35	1	0.04	2500	1496	1.39	68	0	0	77	0	0	0.00	99.96	0.00	0.00	99.96
4	4	14	0.54	2500	1496	1.43	368	0	0	677	0	0	0.00	99.49	0.00	0.00	99.46	0.00	28	0
4	36	1	0.03	2500	1496	0.66	136	0	0	138	0	0	0.00	99.99	0.00	0.00	99.97
5	5	4	0.15	2500	1496	1.30	1153	0	0	1229	0	0	0.00	99.92	0.00	0.00	99.85	0.00	29	0
5	37	1	0.05	2500	1496	1.48	82	0	0	80	0	0	0.00	99.96	0.00	0.00	99.95
6	6	1	0.04	2500	1496	1.29	42	0	0	111	0	0	0.00	99.97	0.00	0.00	99.96	0.00	30	0
6	38	1	0.05	2500	1496	1.49	107	0	0	116	0	0	0.00	99.96	0.00	0.00	99.95
7	7	1	0.05	2500	1496	1.28	36	0	0	113	0	0	0.00	99.95	0.00	0.00	99.95	0.00	26	0
7	39	1	0.03	2500	1496	1.46	66	0	0	39	0	0	0.00	99.97	0.00	0.00	99.97
8	8	5	0.18	2500	1496	1.69	552	0	0	570	0	0	0.00	99.85	0.00	0.00	99.82	0.00	29	0
8	40	1	0.03	2500	1496	1.17	65	0	0	32	0	0	0.00	99.97	0.00	0.00	99.97
9	9	3	0.10	2500	1496	1.34	246	0	0	405	0	0	0.00	99.91	0.00	0.00	99.90	0.00	29	0
9	41	1	0.03	2500	1496	1.32	51	0	0	37	0	0	0.00	99.98	0.00	0.00	99.97
10	10	15	0.62	2500	1496	1.86	401	0	0	1018	0	0	0.00	99.42	0.00	0.00	99.38	0.00	27	0
10	42	1	0.05	2500	1496	1.09	58	0	0	106	0	0	0.00	99.96	0.00	0.00	99.95
11	11	3	0.12	2500	1496	1.17	148	0	0	195	0	0	0.00	99.89	0.00	0.00	99.88	0.00	26	0
11	43	1	0.03	2500	1496	1.12	111	0	0	41	0	0	0.00	99.97	0.00	0.00	99.97
12	12	0	0.01	2500	1496	0.78	14	0	0	21	0	0	0.00	100.00	0.00	0.00	99.99	0.00	27	0
12	44	1	0.02	2500	1496	1.22	34	0	0	27	0	0	0.00	99.98	0.00	0.00	99.98
13	13	1	0.03	2500	1496	1.33	59	0	0	89	0	0	0.00	99.98	0.00	0.00	99.97	0.00	29	0
13	45	1	0.03	2500	1496	0.94	68	0	0	53	0	0	0.00	99.98	0.00	0.00	99.97
14	14	4	0.17	2500	1496	1.43	1317	0	0	1319	0	0	0.00	99.91	0.00	0.00	99.83	0.00	26	0
14	46	4	0.15	2500	1496	1.99	36	0	0	64	0	0	0.00	99.85	0.00	0.00	99.85
15	15	5	0.19	2500	1496	1.41	1411	0	0	1450	0	0	0.00	99.89	0.00	0.00	99.81	0.00	27	0
15	47	1	0.06	2500	1496	1.23	57	0	0	79	0	0	0.00	99.96	0.00	0.00	99.94
16	16	4	0.17	2500	1496	1.33	1352	0	0	1435	0	0	0.00	99.90	0.00	0.00	99.83	0.00	30	0
16	48	1	0.03	2500	1496	1.34	52	0	0	53	0	0	0.00	99.97	0.00	0.00	99.97
17	17	13	0.53	2500	1496	1.98	758	0	0	1234	0	0	0.00	99.53	0.00	0.00	99.47	0.00	31	0
17	49	18	0.72	2500	1496	2.05	711	0	1	1224	0	0	0.01	99.34	0.00	0.00	99.28
18	18	3	0.10	2500	1496	1.92	177	0	0	177	0	0	0.00	99.91	0.00	0.00	99.90	0.00	30	0
18	50	1	0.04	2500	1496	1.15	22	0	0	34	0	0	0.00	99.96	0.00	0.00	99.96
19	19	3	0.11	2500	1496	1.42	584	0	0	791	0	0	0.00	99.93	0.00	0.00	99.89	0.00	30	0
19	51	3	0.13	2500	1496	1.87	94	0	0	175	0	0	0.00	99.88	0.00	0.00	99.87
20	20	64	2.57	2500	1496	1.95	5826	0	1	5804	0	0	0.01	97.75	0.00	0.00	97.43	0.00	29	0
20	52	2	0.09	2500	1496	1.25	71	0	0	62	0	0	0.00	99.92	0.00	0.00	99.91
21	21	5	0.21	2500	1496	1.84	577	0	0	917	0	0	0.00	99.84	0.00	0.00	99.79	0.00	29	0
21	53	1	0.03	2500	1496	0.95	81	0	0	74	0	0	0.00	99.98	0.00	0.00	99.97
22	22	9	0.35	2500	1496	1.64	235	0	0	515	0	0	0.00	99.67	0.00	0.00	99.65	0.00	30	0
22	54	0	0.02	2500	1496	0.99	36	0	0	23	0	0	0.00	99.98	0.00	0.00	99.98
23	23	2	0.08	2500	1496	1.33	186	0	0	321	0	0	0.00	99.93	0.00	0.00	99.92	0.00	28	0
23	55	0	0.01	2500	1496	0.63	34	0	0	34	0	0	0.00	99.99	0.00	0.00	99.99
24	24	14	0.57	2500	1496	1.73	943	0	2	1559	0	0	0.01	99.50	0.00	0.00	99.43	0.00	29	0
24	56	1	0.04	2500	1496	1.26	54	0	0	69	0	0	0.00	99.96	0.00	0.00	99.96
25	25	5	0.21	2500	1496	1.81	65	0	0	500	0	0	0.00	99.80	0.00	0.00	99.79	0.00	27	0
25	57	0	0.02	2500	1496	0.68	28	0	1	36	0	0	0.01	99.99	0.00	0.00	99.98
26	26	2	0.06	2500	1496	1.34	72	0	0	194	0	0	0.00	99.94	0.00	0.00	99.94	0.00	31	0
26	58	0	0.02	2500	1496	0.77	20	0	0	35	0	0	0.00	99.98	0.00	0.00	99.98
27	27	0	0.00	2500	1496	0.87	14	0	0	14	0	0	0.00	100.00	0.00	0.00	100.00	0.00	27	0
27	59	0	0.01	2500	1496	0.88	21	0	0	24	0	0	0.00	99.99	0.00	0.00	99.99
28	28	174	6.97	2500	1496	2.17	6027	0	2	6108	0	0	0.00	93.35	0.00	0.00	93.03	0.00	27	0
28	60	12	0.49	2500	1496	1.74	65	0	0	42	0	0	0.00	99.51	0.00	0.00	99.51
29	29	0	0.00	2500	1496	1.00	9	0	0	10	0	0	0.00	100.00	0.00	0.00	100.00	0.00	28	0
29	61	0	0.01	2500	1496	0.81	22	0	0	25	0	0	0.00	99.99	0.00	0.00	99.99
30	30	1	0.05	2500	1496	1.40	219	0	0	226	0	0	0.00	99.96	0.00	0.00	99.95	0.00	29	0
30	62	0	0.00	2500	1496	0.88	5	0	0	7	0	0	0.00	100.00	0.00	0.00	100.00
31	31	13	0.51	2500	1496	1.71	1037	0	0	2000	0	0	0.00	99.58	0.00	0.00	99.49	0.00	30	0
31	63	4	0.15	2500	1496	1.97	134	0	0	151	0	0	0.00	99.86	0.00	0.00	99.85
