Core	CPU	Avg_MHz	Busy%	Bzy_MHz	TSC_MHz	IPC	IRQ	SMI	POLL	C1	C1E	C6	POLL%	C1%	C1E%	C6%	CPU%c1	CPU%c6	CoreTmp	CoreThr	PkgTmp	PkgWatt	RAMWatt	PKG_%	RAM_%
-	-	7	0.26	2500	1497	1.81	25774	0	29	32488	0	0	0.00	99.77	0.00	0.00	99.74	0.00	32	0	32	110.75	9.42	0.00	0.00
0	0	5	0.21	2500	1496	1.34	438	0	0	486	0	0	0.00	99.82	0.00	0.00	99.79	0.00	28	0	32	110.74	9.42	0.00	0.00
0	32	9	0.34	2500	1496	1.50	254	0	0	283	0	0	0.00	99.68	0.00	0.00	99.66
1	1	12	0.46	2500	1496	1.65	259	0	0	840	0	0	0.00	99.57	0.00	0.00	99.54	0.00	28	0
1	33	10	0.41	2500	1496	1.61	240	0	0	222	0	0	0.00	99.60	0.00	0.00	99.59
2	2	18	0.71	2500	1496	1.98	1393	0	0	1948	0	0	0.00	99.38	0.00	0.00	99.29	0.00	31	0
2	34	4	0.15	2500	1496	1.53	184	0	7	361	0	0	0.00	99.86	0.00	0.00	99.85
3	3	14	0.55	2500	1496	1.90	260	0	0	415	0	0	0.00	99.47	0.00	0.00	99.45	0.00	31	0
3	35	3	0.10	2500	1496	1.11	177	0	0	169	0	0	0.00	99.91	0.00	0.00	99.90
4	4	28	1.14	2500	1496	1.66	1001	0	0	2347	0	0	0.00	98.95	0.00	0.00	98.86	0.00	28	0
4	36	0	0.02	2500	1496	0.55	61	0	0	65	0	0	0.00	99.99	0.00	0.00	99.98
5	5	6	0.24	2500	1496	1.44	836	0	0	1048	0	0	0.00	99.81	0.00	0.00	99.76	0.00	28	0
5	37	1	0.03	2500	1496	1.07	142	0	0	136	0	0	0.00	99.98	0.00	0.00	99.97
6	6	5	0.20	2500	1496	1.71	112	0	0	189	0	0	0.00	99.81	0.00	0.00	99.80	0.00	30	0
6	38	2	0.07	2500	1496	1.10	141	0	0	137	0	0	0.00	99.94	0.00	0.00	99.93
7	7	1	0.03	2500	1496	1.30	10	0	0	38	0	0	0.00	99.97	0.00	0.00	99.97	0.00	27	0
7	39	1	0.05	2500	1496	1.31	149	0	0	150	0	0	0.00	99.96	0.00	0.00	99.95
8	8	63	2.51	2500	1496	1.98	5810	0	1	5789	0	0	0.01	97.81	0.00	0.00	97.49	0.00	29	0
8	40	1	0.03	2500	1496	1.23	46	0	0	37	0	0	0.00	99.98	0.00	0.00	99.97
9	9	1	0.02	2500	1496	1.33	153	0	0	161	0	0	0.00	99.98	0.00	0.00	99.98	0.00	28	0
9	41	1	0.04	2500	1496	1.06	61	0	0	95	0	0	0.00	99.96	0.00	0.00	99.96
10	10	14	0.58	2500	1496	1.69	849	0	2	1575	0	0	0.00	99.49	0.00	0.00	99.42	0.00	27	0
10	42	1	0.06	2500	1496	0.91	68	0	0	165	0	0	0.00	99.95	0.00	0.00	99.94
11	11	3	0.11	2500	1496	1.12	148	0	0	176	0	0	0.00	99.90	0.00	0.00	99.89	0.00	26	0
11	43	1	0.06	2500	1496	1.14	65	0	0	56	0	0	0.00	99.95	0.00	0.00	99.94
12	12	0	0.00	2500	1496	0.68	7	0	0	10	0	0	0.00	100.00	0.00	0.00	100.00	0.00	27	0
12	44	3	0.11	2500	1496	1.21	143	0	13	173	0	0	0.00	99.90	0.00	0.00	99.89
13	13	0	0.00	2501	1496	1.09	5	0	0	12	0	0	0.00	100.00	0.00	0.00	100.00	0.00	28	0
13	45	6	0.26	2500	1496	1.74	359	0	0	754	0	0	0.00	99.78	0.00	0.00	99.74
14	14	7	0.27	2500	1496	1.50	1514	0	0	1542	0	0	0.00	99.82	0.00	0.00	99.73	0.00	27	0
14	46	6	0.22	2500	1496	1.65	89	0	0	244	0	0	0.00	99.79	0.00	0.00	99.78
15	15	4	0.18	2500	1496	1.43	1342	0	0	1376	0	0	0.00	99.90	0.00	0.00	99.82	0.00	27	0
15	47	1	0.05	2500	1496	1.08	76	0	0	101	0	0	0.00	99.97	0.00	0.00	99.95
16	16	4	0.14	2500	1496	1.22	994	0	1	1049	0	0	0.00	99.91	0.00	0.00	99.86	0.00	30	0
16	48	33	1.31	2500	1496	1.81	56	0	0	38	0	0	0.00	98.72	0.00	0.00	98.69
17	17	6	0.25	2500	1496	1.68	810	0	1	1017	0	0	0.01	99.80	0.00	0.00	99.75	0.00	30	0
17	49	1	0.06	2500	1496	1.02	54	0	0	84	0	0	0.00	99.95	0.00	0.00	99.94
18	18	1	0.03	2500	1496	1.13	154	0	0	153	0	0	0.00	99.98	0.00	0.00	99.97	0.00	30	0
18	50	1	0.05	2500	1496	1.36	49	0	0	48	0	0	0.00	99.95	0.00	0.00	99.95
19	19	4	0.16	2500	1496	1.42	568	0	0	909	0	0	0.00	99.88	0.00	0.00	99.84	0.00	31	0
19	51	1	0.03	2500	1496	1.14	43	0	0	55	0	0	0.00	99.98	0.00	0.00	99.97
20	20	0	0.01	2500	1496	0.89	11	0	0	10	0	0	0.00	99.99	0.00	0.00	99.99	0.00	30	0
20	52	3	0.11	2500	1496	1.39	67	0	0	102	0	0	0.00	99.89	0.00	0.00	99.89
21	21	0	0.00	2500	1496	1.02	9	0	0	12	0	0	0.00	100.00	0.00	0.00	100.00	0.00	30	0
21	53	1	0.04	2500	1496	0.81	57	0	0	62	0	0	0.00	99.97	0.00	0.00	99.96
22	22	1	0.02	2500	1496	0.63	16	0	0	7	0	0	0.00	99.98	0.00	0.00	99.98	0.00	32	0
22	54	1	0.05	2500	1496	1.20	124	0	0	152	0	0	0.00	99.96	0.00	0.00	99.95
23	23	1	0.04	2500	1496	0.90	142	0	0	141	0	0	0.00	99.96	0.00	0.00	99.96	0.00	27	0
23	55	1	0.02	2500	1496	0.66	31	0	0	35	0	0	0.00	99.98	0.00	0.00	99.98
24	24	43	1.71	2500	1496	2.46	884	0	0	1920	0	0	0.00	98.37	0.00	0.00	98.29	0.00	29	0
24	56	1	0.04	2500	1496	0.89	78	0	0	90	0	0	0.00	99.97	0.00	0.00	99.96
25	25	0	0.00	2502	1496	0.96	6	0	0	7	0	0	0.00	100.00	0.00	0.00	100.00	0.00	27	0
25	57	0	0.01	2500	1496	0.52	26	0	0	18	0	0	0.00	99.99	0.00	0.00	99.99
26	26	0	0.01	2500	1496	0.64	6	0	0	7	0	0	0.00	99.99	0.00	0.00	99.99	0.00	30	0
26	58	0	0.01	2500	1496	0.49	24	0	0	23	0	0	0.00	99.99	0.00	0.00	99.99
27	27	0	0.00	2501	1496	0.97	6	0	0	6	0	0	0.00	100.00	0.00	0.00	100.00	0.00	28	0
27	59	1	0.02	2500	1496	0.81	15	0	0	12	0	0	0.00	99.98	0.00	0.00	99.98
28	28	66	2.64	2500	1496	1.97	4744	0	3	4997	0	0	0.00	97.62	0.00	0.00	97.36	0.00	28	0
28	60	12	0.50	2500	1496	1.79	37	0	0	34	0	0	0.00	99.51	0.00	0.00	99.50
29	29	0	0.00	2501	1496	0.94	9	0	0	10	0	0	0.00	100.00	0.00	0.00	100.00	0.00	29	0
29	61	2	0.08	2500	1496	1.79	30	0	0	24	0	0	0.00	99.92	0.00	0.00	99.92
30	30	2	0.06	2500	1496	1.41	226	0	0	222	0	0	0.00	99.95	0.00	0.00	99.94	0.00	29	0
30	62	0	0.01	2500	1496	0.65	7	0	0	7	0	0	0.00	99.99	0.00	0.00	99.99
31	31	1	0.04	2500	1496	1.39	82	0	1	120	0	0	0.00	99.96	0.00	0.00	99.96	0.00	29	0
31	63	1	0.05	2500	1496	3.22	17	0	0	17	0	0	0.00	99.95	0.00	0.00	99.95
