Core	CPU	Avg_MHz	Busy%	Bzy_MHz	TSC_MHz	IPC	IRQ	SMI	POLL	C1	C1E	C6	POLL%	C1%	C1E%	C6%	CPU%c1	CPU%c6	CoreTmp	PkgTmp	PkgWatt	RAMWatt	PKG_%	RAM_%
-	-	9	0.37	2500	1995	1.35	35684	0	105	51869	0	0	0.00	99.66	0.00	0.00	99.63	0.00	32	32	115.07	31.36	0.00	0.00
0	0	260	10.44	2500	1995	1.36	16558	0	56	27747	0	0	0.00	90.24	0.00	0.00	89.56	0.00	30	32	114.99	31.34	0.00	0.00
0	28	254	10.19	2500	1995	1.34	12898	0	49	23969	0	0	0.01	90.38	0.00	0.00	89.81
1	1	0	0.00	2500	1995	0.98	116	0	0	3	0	0	0.00	100.00	0.00	0.00	100.00	0.00	30
1	29	0	0.00	2501	1995	1.25	115	0	0	3	0	0	0.00	100.00	0.00	0.00	100.00
2	2	0	0.00	2500	1995	1.11	120	0	0	5	0	0	0.00	100.00	0.00	0.00	100.00	0.00	30
2	30	0	0.00	2500	1995	1.26	113	0	0	3	0	0	0.00	100.00	0.00	0.00	100.00
3	3	0	0.00	2501	1995	1.28	115	0	0	3	0	0	0.00	100.00	0.00	0.00	100.00	0.00	29
3	31	0	0.00	2500	1995	1.37	116	0	0	3	0	0	0.00	100.00	0.00	0.00	100.00
4	4	0	0.00	2500	1995	1.13	114	0	0	3	0	0	0.00	100.00	0.00	0.00	100.00	0.00	30
4	32	0	0.00	2501	1995	1.26	115	0	0	3	0	0	0.00	100.00	0.00	0.00	100.00
5	5	0	0.00	2500	1995	1.12	114	0	0	3	0	0	0.00	100.00	0.00	0.00	100.00	0.00	27
5	33	0	0.00	2500	1995	1.28	116	0	0	3	0	0	0.00	100.00	0.00	0.00	100.00
6	6	0	0.00	2500	1995	1.14	115	0	0	3	0	0	0.00	100.00	0.00	0.00	100.00	0.00	31
6	34	0	0.00	2500	1995	1.26	116	0	0	3	0	0	0.00	100.00	0.00	0.00	100.00
7	7	0	0.00	2500	1995	1.12	113	0	0	3	0	0	0.00	100.00	0.00	0.00	100.00	0.00	29
7	35	0	0.00	2501	1995	1.27	114	0	0	3	0	0	0.00	100.00	0.00	0.00	100.00
8	8	0	0.00	2500	1995	1.12	116	0	0	3	0	0	0.00	100.00	0.00	0.00	100.00	0.00	29
8	36	0	0.00	2501	1995	1.30	115	0	0	2	0	0	0.00	100.00	0.00	0.00	100.00
9	9	0	0.00	2502	1995	1.10	115	0	0	3	0	0	0.00	100.00	0.00	0.00	100.00	0.00	29
9	37	0	0.00	2500	1995	1.20	116	0	0	3	0	0	0.00	100.00	0.00	0.00	100.00
10	10	0	0.00	2500	1995	1.15	114	0	0	3	0	0	0.00	100.00	0.00	0.00	100.00	0.00	28
10	38	0	0.00	2500	1995	1.19	118	0	0	4	0	0	0.00	100.00	0.00	0.00	100.00
11	11	0	0.00	2500	1995	1.12	116	0	0	3	0	0	0.00	100.00	0.00	0.00	100.00	0.00	32
11	39	0	0.00	2497	1995	1.28	114	0	0	2	0	0	0.00	100.00	0.00	0.00	100.00
12	12	0	0.00	2500	1995	1.31	116	0	0	3	0	0	0.00	100.00	0.00	0.00	100.00	0.00	32
12	40	0	0.00	2500	1995	1.49	114	0	0	2	0	0	0.00	100.00	0.00	0.00	100.00
13	13	0	0.00	2500	1995	1.29	116	0	0	3	0	0	0.00	100.00	0.00	0.00	100.00	0.00	28
13	41	0	0.00	2500	1995	1.47	113	0	0	2	0	0	0.00	100.00	0.00	0.00	100.00
14	14	0	0.00	2501	1995	1.29	117	0	0	3	0	0	0.00	100.00	0.00	0.00	100.00	0.00	29
14	42	0	0.00	2501	1995	1.45	114	0	0	2	0	0	0.00	100.00	0.00	0.00	100.00
15	15	0	0.00	2499	1995	1.27	113	0	0	3	0	0	0.00	100.00	0.00	0.00	100.00	0.00	32
15	43	0	0.00	2499	1995	1.43	115	0	0	2	0	0	0.00	100.00	0.00	0.00	100.00
16	16	0	0.00	2500	1995	1.32	114	0	0	3	0	0	0.00	100.00	0.00	0.00	100.00	0.00	30
16	44	0	0.00	2501	1995	1.48	114	0	0	2	0	0	0.00	100.00	0.00	0.00	100.00
17	17	0	0.00	2500	1995	1.31	117	0	0	3	0	0	0.00	100.00	0.00	0.00	100.00	0.00	31
17	45	0	0.00	2501	1995	1.45	115	0	0	2	0	0	0.00	100.00	0.00	0.00	100.00
18	18	0	0.00	2500	1995	1.27	116	0	0	3	0	0	0.00	100.00	0.00	0.00	100.00	0.00	31
18	46	0	0.00	2500	1995	1.20	119	0	0	7	0	0	0.00	100.00	0.00	0.00	100.00
19	19	0	0.00	2500	1995	1.32	114	0	0	3	0	0	0.00	100.00	0.00	0.00	100.00	0.00	29
19	47	0	0.00	2501	1995	1.48	114	0	0	2	0	0	0.00	100.00	0.00	0.00	100.00
20	20	0	0.00	2501	1995	1.32	115	0	0	3	0	0	0.00	100.00	0.00	0.00	100.00	0.00	29
20	48	0	0.00	2500	1995	1.47	113	0	0	2	0	0	0.00	100.00	0.00	0.00	100.00
21	21	0	0.00	2500	1995	1.32	114	0	0	3	0	0	0.00	100.00	0.00	0.00	100.00	0.00	32
21	49	0	0.00	2502	1995	1.46	115	0	0	2	0	0	0.00	100.00	0.00	0.00	100.00
22	22	0	0.00	2501	1995	1.28	116	0	0	3	0	0	0.00	100.00	0.00	0.00	100.00	0.00	28
22	50	0	0.00	2501	1995	1.41	115	0	0	2	0	0	0.00	100.00	0.00	0.00	100.00
23	23	0	0.00	2502	1995	1.30	117	0	0	3	0	0	0.00	100.00	0.00	0.00	100.00	0.00	28
23	51	0	0.00	2500	1995	1.48	116	0	0	2	0	0	0.00	100.00	0.00	0.00	100.00
24	24	0	0.00	2501	1995	1.30	114	0	0	3	0	0	0.00	100.00	0.00	0.00	100.00	0.00	30
24	52	0	0.00	2499	1995	1.48	114	0	0	2	0	0	0.00	100.00	0.00	0.00	100.00
25	25	0	0.00	2500	1995	1.29	116	0	0	3	0	0	0.00	100.00	0.00	0.00	100.00	0.00	30
25	53	0	0.00	2501	1995	1.47	114	0	0	2	0	0	0.00	100.00	0.00	0.00	100.00
26	26	0	0.00	2500	1995	1.27	115	0	0	3	0	0	0.00	100.00	0.00	0.00	100.00	0.00	29
26	54	0	0.00	2500	1995	1.45	114	0	0	2	0	0	0.00	100.00	0.00	0.00	100.00
27	27	0	0.00	2500	1995	1.16	126	0	0	4	0	0	0.00	100.00	0.00	0.00	100.00	0.00	28
27	55	1	0.05	2500	1995	3.26	117	0	0	2	0	0	0.00	99.95	0.00	0.00	99.95
